6536.0
1 100 79
2 49 25
3 54 99
4 12 41
5 78 94
6 30 75
7 65 40
8 31 59
9 90 95
10 50 99
11 80 95
12 84 93
13 53 74
14 72 83
15 94 14
16 60 89
17 74 41
18 58 53
19 17 75
20 24 70
21 45 49
22 19 19
23 33 84
24 39 16
25 91 25
26 69 66
27 48 68
28 56 79
29 84 16
30 66 93
31 60 14
32 95 20
33 49 99
34 63 93
35 22 100
36 71 56
37 83 62
38 36 69
39 15 91
40 64 52
41 28 86
42 49 43
43 41 76
44 14 45
45 17 21
46 28 57
47 65 45
48 27 41
49 65 58
50 28 33
51 21 68
52 17 22
53 33 66
54 68 83
55 51 50
56 91 64
57 97 35
58 28 42
59 91 33
60 82 66
61 54 38
62 12 57
63 47 69
64 33 90
65 30 79
66 65 89
67 56 28
68 57 70
69 91 38
70 88 71
71 77 46
72 99 41
73 29 49
74 23 43
75 39 36
76 86 68
77 12 92
78 85 33
79 22 84
80 64 90
81 33 22
82 95 93
83 32 92
84 10 89
85 44 47
86 56 23
87 86 13
88 38 11
89 72 34
90 10 11
91 57 60
92 30 82
93 28 10
94 92 16
95 68 81
96 54 20
97 34 85
98 93 52
99 35 92
100 41 31
101 46 24
102 82 83
103 66 76
104 15 15
105 89 38
106 70 63
107 46 32
108 43 99
109 60 39
110 36 97
111 63 28
112 18 42
113 67 80
114 13 21
115 12 99
116 94 11
117 19 91
118 65 24
119 59 45
120 28 28
121 91 89
122 37 31
123 24 81
124 86 78
125 23 48
126 100 72
127 38 36
128 21 77
129 42 84
130 58 40
131 91 65
132 26 43
133 69 49
134 72 23
135 89 82
136 34 41
137 84 22
138 30 67
139 24 96
140 62 58
141 20 56
142 45 81
143 11 42
144 24 55
145 54 31
146 61 38
147 14 33
148 97 10
149 79 43
150 65 84
151 68 52
152 93 96
153 54 92
154 36 51
155 41 50
156 62 63
157 90 70
158 10 46
159 58 30
160 57 45
161 46 41
162 85 15
163 19 82
164 15 52
165 15 25
166 44 69
167 70 62
168 17 26
169 25 64
170 24 93
171 37 78
172 45 82
173 97 71
174 85 65
175 64 40
176 46 25
177 74 20
178 86 24
179 89 19
180 12 10
181 83 12
182 24 31
183 40 22
184 99 96
185 27 79
186 28 31
187 65 98
188 57 80
189 66 10
190 75 31
191 50 42
192 42 99
193 34 26
194 12 21
195 59 83
196 100 78
197 12 66
198 61 54
199 98 100
200 14 22
201 68 48
202 64 16
203 46 25
204 87 97
205 68 95
206 33 70
207 43 22
208 28 20
209 24 16
210 25 17
211 29 19
212 13 49
213 59 90
214 20 44
215 66 53
216 84 18
217 16 42
218 40 26
219 69 87
220 55 55
221 73 58
222 85 32
223 25 61
224 17 32
225 81 10
226 32 11
227 74 12
228 90 61
229 88 96
230 11 59
231 98 94
232 59 25
233 12 30
234 93 70
235 16 53
236 97 35
237 37 54
238 59 91
239 57 51
240 16 20
241 73 87
242 74 70
243 65 50
244 12 52
245 33 31
246 28 43
247 66 32
248 17 25
249 88 40
250 86 78