13357.0
1 55 59
2 18 31
3 80 75
4 62 83
5 75 92
6 97 17
7 54 22
8 70 65
9 11 45
10 44 67
11 55 64
12 35 77
13 86 63
14 58 72
15 43 96
16 12 32
17 16 12
18 75 43
19 11 59
20 12 73
21 51 69
22 20 80
23 100 57
24 53 65
25 53 34
26 61 41
27 27 23
28 79 67
29 19 17
30 77 81
31 18 29
32 37 24
33 35 57
34 43 59
35 96 36
36 13 92
37 89 11
38 51 28
39 39 10
40 70 58
41 48 15
42 24 34
43 86 72
44 18 33
45 49 18
46 14 81
47 78 38
48 17 74
49 79 92
50 48 93
51 10 22
52 67 86
53 75 99
54 17 39
55 66 17
56 76 32
57 36 100
58 73 19
59 62 73
60 20 45
61 39 99
62 26 16
63 44 91
64 53 23
65 82 75
66 17 61
67 20 14
68 61 72
69 22 30
70 67 97
71 91 77
72 76 79
73 28 93
74 22 34
75 41 43
76 50 51
77 75 83
78 72 71
79 96 38
80 63 88
81 53 40
82 57 34
83 28 65
84 27 39
85 25 42
86 52 60
87 78 80
88 70 62
89 30 51
90 49 93
91 84 87
92 41 78
93 80 51
94 90 59
95 91 89
96 30 62
97 59 80
98 43 68
99 77 27
100 74 37
101 64 58
102 83 33
103 88 86
104 21 97
105 15 24
106 30 95
107 49 93
108 12 34
109 99 66
110 87 23
111 71 66
112 86 20
113 70 86
114 23 85
115 97 14
116 33 19
117 86 78
118 67 22
119 46 40
120 57 98
121 22 28
122 84 19
123 38 96
124 43 86
125 72 64
126 49 98
127 41 17
128 77 92
129 22 97
130 16 98
131 100 97
132 43 76
133 33 78
134 56 92
135 30 30
136 98 56
137 68 43
138 43 70
139 44 37
140 77 90
141 16 56
142 20 12
143 88 82
144 100 17
145 20 70
146 27 80
147 65 62
148 72 29
149 91 14
150 18 99
151 33 46
152 55 22
153 53 49
154 81 94
155 47 19
156 67 72
157 19 30
158 34 23
159 76 97
160 49 70
161 42 84
162 40 92
163 40 43
164 34 19
165 48 89
166 38 66
167 86 39
168 67 23
169 46 94
170 63 80
171 73 97
172 28 30
173 33 43
174 92 17
175 45 64
176 51 39
177 44 34
178 82 57
179 55 45
180 27 82
181 43 20
182 38 88
183 33 59
184 85 59
185 88 88
186 32 73
187 55 46
188 18 38
189 16 34
190 91 11
191 85 49
192 45 60
193 59 65
194 92 77
195 28 70
196 12 50
197 20 74
198 76 39
199 56 14
200 31 39
201 17 25
202 92 43
203 71 81
204 23 52
205 70 24
206 80 15
207 12 80
208 34 44
209 100 28
210 78 41
211 15 72
212 52 91
213 55 12
214 90 55
215 43 63
216 83 90
217 92 66
218 44 78
219 95 22
220 50 88
221 82 74
222 79 28
223 60 94
224 88 93
225 52 91
226 10 84
227 83 97
228 63 72
229 44 38
230 17 66
231 19 92
232 21 60
233 28 68
234 31 89
235 75 22
236 33 60
237 38 73
238 17 93
239 78 91
240 79 84
241 63 72
242 26 53
243 67 68
244 39 52
245 32 67
246 25 77
247 31 26
248 71 50
249 37 38
250 100 47
251 21 53
252 43 33
253 49 53
254 51 60
255 79 36
256 27 53
257 77 18
258 54 49
259 62 62
260 51 19
261 40 67
262 91 58
263 57 60
264 50 50
265 49 70
266 68 70
267 14 31
268 44 60
269 38 14
270 51 37
271 39 65
272 26 25
273 88 43
274 93 34
275 51 47
276 41 59
277 80 79
278 72 47
279 87 89
280 59 11
281 63 42
282 20 87
283 39 50
284 70 67
285 92 51
286 39 97
287 28 22
288 58 77
289 89 56
290 45 77
291 82 60
292 45 53
293 35 49
294 84 71
295 66 80
296 59 55
297 45 82
298 19 91
299 23 11
300 26 64
301 86 18
302 31 16
303 74 72
304 75 92
305 44 50
306 23 14
307 99 23
308 50 34
309 27 57
310 99 35
311 20 55
312 76 99
313 36 25
314 83 43
315 93 45
316 92 10
317 52 55
318 98 17
319 93 20
320 15 24
321 63 70
322 67 30
323 100 20
324 41 15
325 15 77
326 22 90
327 28 20
328 52 41
329 68 35
330 55 86
331 46 90
332 47 63
333 97 69
334 18 98
335 71 78
336 68 69
337 76 55
338 74 10
339 65 17
340 37 72
341 72 67
342 53 16
343 77 66
344 58 13
345 28 15
346 100 48
347 34 49
348 17 49
349 30 63
350 84 76
351 59 88
352 19 48
353 57 95
354 28 14
355 44 52
356 85 85
357 99 48
358 46 13
359 31 43
360 69 44
361 82 78
362 92 12
363 13 87
364 86 68
365 85 80
366 41 89
367 12 47
368 15 99
369 54 91
370 64 59
371 67 44
372 68 78
373 34 23
374 75 75
375 76 90
376 19 60
377 86 54
378 62 29
379 80 77
380 72 93
381 32 76
382 45 86
383 22 27
384 88 92
385 16 86
386 26 63
387 44 70
388 65 79
389 100 56
390 23 89
391 48 26
392 22 39
393 58 42
394 29 50
395 50 30
396 22 85
397 55 42
398 61 64
399 81 53
400 48 40
401 41 12
402 94 94
403 48 19
404 23 63
405 19 96
406 20 97
407 91 19
408 76 31
409 85 10
410 70 11
411 81 48
412 65 66
413 68 69
414 20 12
415 57 68
416 58 35
417 15 71
418 59 12
419 43 10
420 58 100
421 45 80
422 79 35
423 74 24
424 43 63
425 42 77
426 62 67
427 13 13
428 23 28
429 23 35
430 26 85
431 77 51
432 85 42
433 88 50
434 58 46
435 44 63
436 66 32
437 32 92
438 22 69
439 14 79
440 60 52
441 73 90
442 30 21
443 64 69
444 57 50
445 52 52
446 56 32
447 53 88
448 56 20
449 13 89
450 21 84
451 65 68
452 28 59
453 19 31
454 89 85
455 11 13
456 45 82
457 11 39
458 89 80
459 35 63
460 50 75
461 84 51
462 69 47
463 70 23
464 59 63
465 67 44
466 47 31
467 91 90
468 86 80
469 86 18
470 43 49
471 24 80
472 89 12
473 23 65
474 29 84
475 71 76
476 29 51
477 11 98
478 100 27
479 93 70
480 85 91
481 63 92
482 15 29
483 62 64
484 53 57
485 42 79
486 82 61
487 18 55
488 59 49
489 98 45
490 11 27
491 39 98
492 90 58
493 63 86
494 65 26
495 66 33
496 80 56
497 38 42
498 64 94
499 23 24
500 42 21