2732.0
1 94 57
2 74 94
3 77 59
4 74 83
5 29 82
6 11 91
7 73 42
8 80 84
9 81 85
10 82 18
11 75 94
12 42 18
13 44 31
14 57 27
15 20 31
16 20 42
17 99 58
18 95 57
19 52 55
20 81 97
21 68 79
22 16 10
23 79 34
24 30 100
25 16 98
26 90 45
27 21 19
28 49 77
29 70 56
30 78 25
31 77 60
32 21 22
33 84 84
34 19 89
35 65 12
36 38 46
37 25 20
38 43 85
39 99 42
40 75 94
41 80 20
42 10 65
43 44 27
44 26 34
45 21 27
46 74 91
47 20 17
48 22 56
49 81 23
50 89 89
51 15 18
52 35 11
53 24 91
54 16 79
55 43 14
56 75 99
57 25 45
58 76 73
59 48 81
60 75 96
61 15 51
62 23 96
63 10 63
64 81 40
65 81 93
66 67 87
67 58 71
68 77 54
69 49 74
70 16 15
71 65 32
72 74 57
73 14 70
74 41 62
75 74 12
76 74 71
77 17 57
78 12 97
79 95 48
80 29 33
81 75 42
82 61 15
83 59 39
84 37 91
85 75 17
86 90 63
87 17 81
88 79 49
89 15 60
90 88 90
91 76 87
92 93 25
93 98 15
94 80 30
95 33 76
96 39 76
97 96 53
98 71 59
99 39 40
100 49 59