2753.0
1 55 20
2 10 19
3 97 20
4 73 66
5 69 48
6 23 100
7 62 13
8 47 87
9 90 62
10 62 73
11 96 53
12 88 79
13 95 17
14 61 93
15 94 78
16 16 22
17 91 85
18 61 86
19 27 56
20 18 56
21 96 44
22 77 86
23 14 94
24 36 93
25 17 57
26 56 31
27 83 20
28 41 35
29 52 70
30 69 79
31 97 58
32 45 24
33 94 84
34 45 12
35 47 17
36 28 43
37 82 35
38 13 47
39 82 92
40 39 38
41 28 93
42 41 50
43 55 27
44 12 100
45 50 36
46 32 30
47 97 23
48 87 22
49 36 56
50 11 73
51 20 55
52 37 32
53 87 75
54 91 42
55 19 82
56 22 80
57 89 55
58 54 48
59 20 93
60 78 28
61 52 26
62 35 42
63 18 96
64 96 93
65 54 16
66 10 39
67 39 46
68 17 80
69 51 24
70 40 87
71 25 37
72 84 73
73 54 81
74 31 38
75 97 98
76 37 13
77 63 91
78 39 85
79 60 17
80 87 59
81 63 58
82 37 56
83 13 93
84 31 66
85 84 64
86 90 17
87 84 10
88 57 33
89 21 28
90 64 97
91 63 25
92 21 42
93 95 17
94 83 23
95 81 37
96 45 46
97 68 52
98 89 33
99 100 26
100 14 90