6489.0
1 17 40
2 63 16
3 65 42
4 19 50
5 79 99
6 11 12
7 83 46
8 88 43
9 29 97
10 75 28
11 83 41
12 47 15
13 77 36
14 19 96
15 43 69
16 30 24
17 89 36
18 70 21
19 48 54
20 39 38
21 17 43
22 54 17
23 28 19
24 73 48
25 71 81
26 99 50
27 50 28
28 19 34
29 55 51
30 25 98
31 43 24
32 10 61
33 49 11
34 83 78
35 57 86
36 41 89
37 42 45
38 80 20
39 33 16
40 19 74
41 78 11
42 61 92
43 50 99
44 56 92
45 58 15
46 36 50
47 44 54
48 82 30
49 49 97
50 90 85
51 46 19
52 37 11
53 31 78
54 98 73
55 51 47
56 48 96
57 14 47
58 94 74
59 36 96
60 58 19
61 44 12
62 52 34
63 65 78
64 98 26
65 39 30
66 22 95
67 12 99
68 21 68
69 17 84
70 88 28
71 93 79
72 16 61
73 86 56
74 41 99
75 10 95
76 10 27
77 32 16
78 45 38
79 13 28
80 87 38
81 39 85
82 70 62
83 49 62
84 45 18
85 11 65
86 16 83
87 55 65
88 15 86
89 42 76
90 80 55
91 43 74
92 42 94
93 31 80
94 61 91
95 41 71
96 21 20
97 51 42
98 55 90
99 43 100
100 41 75
101 15 99
102 76 32
103 72 17
104 24 59
105 32 10
106 11 88
107 90 55
108 78 95
109 20 44
110 21 41
111 11 69
112 68 10
113 31 41
114 18 83
115 14 10
116 19 62
117 65 75
118 14 24
119 11 26
120 83 55
121 22 34
122 60 25
123 90 60
124 21 72
125 44 78
126 93 64
127 50 62
128 66 93
129 41 97
130 90 92
131 88 21
132 63 36
133 42 99
134 89 94
135 50 65
136 53 27
137 39 96
138 64 69
139 39 76
140 41 32
141 33 75
142 79 43
143 46 55
144 39 77
145 78 13
146 95 64
147 56 65
148 41 50
149 24 16
150 68 73
151 90 96
152 12 66
153 10 43
154 33 15
155 30 76
156 72 58
157 74 86
158 13 29
159 71 26
160 77 20
161 66 31
162 30 26
163 87 54
164 69 38
165 16 75
166 76 21
167 94 30
168 33 93
169 94 58
170 23 82
171 92 92
172 59 24
173 66 32
174 99 34
175 88 41
176 38 36
177 54 25
178 46 54
179 32 55
180 76 77
181 67 67
182 27 11
183 15 56
184 84 74
185 73 51
186 84 32
187 78 53
188 81 54
189 56 92
190 45 53
191 23 23
192 59 34
193 91 91
194 70 27
195 86 25
196 44 75
197 35 13
198 83 65
199 26 47
200 87 52
201 57 51
202 55 55
203 80 27
204 22 78
205 62 74
206 20 73
207 47 85
208 69 10
209 11 41
210 38 70
211 59 92
212 17 67
213 35 30
214 25 11
215 39 54
216 58 34
217 67 96
218 31 32
219 83 87
220 17 65
221 82 12
222 53 39
223 53 21
224 55 98
225 81 24
226 16 19
227 16 60
228 39 77
229 34 10
230 60 18
231 95 96
232 56 23
233 85 93
234 82 19
235 47 73
236 88 93
237 100 16
238 77 60
239 82 77
240 75 54
241 95 78
242 74 50
243 84 94
244 18 15
245 17 90
246 17 54
247 58 78
248 36 90
249 60 36
250 59 36